 0.00000000000000e+000    0.00000000000000e+000
 2.80701754385965e-002   -8.86524822695023e-002
 5.61403508771930e-002   -8.86524822695023e-002
 9.12280701754386e-002   -2.65957446808510e-001
 1.05263157894737e-001   -1.15248226950355e+000
 1.33333333333333e-001   -2.30496453900709e+000
 1.47368421052632e-001   -3.10283687943262e+000
 1.75438596491228e-001   -3.81205673758866e+000
 2.03508771929825e-001   -4.34397163120567e+000
 2.17543859649123e-001   -4.69858156028369e+000
 2.52631578947368e-001   -3.54609929078014e+000
 2.73684210526316e-001   -4.34397163120567e+000
 2.94736842105263e-001   -7.09219858156028e+000
 3.15789473684211e-001   -1.10815602836879e+001
 3.36842105263158e-001   -1.48049645390071e+001
 3.57894736842105e-001   -1.97695035460993e+001
 3.85964912280702e-001   -2.46453900709220e+001
 3.92982456140351e-001   -1.72872340425532e+001
 4.14035087719298e-001   -1.21453900709220e+001
 4.28070175438596e-001   -9.13120567375887e+000
 4.56140350877193e-001   -7.26950354609929e+000
 4.77192982456140e-001   -6.20567375886525e+000
 4.98245614035088e-001   -5.85106382978723e+000
 5.26315789473684e-001   -6.11702127659574e+000
 5.40350877192982e-001   -7.18085106382979e+000
 5.61403508771930e-001   -9.30851063829787e+000
 5.82456140350877e-001   -1.15248226950355e+001
 6.03508771929825e-001   -9.57446808510638e+000
 6.31578947368421e-001   -6.20567375886525e+000
 6.45614035087719e-001   -4.43262411347518e+000
 6.66666666666667e-001   -3.19148936170212e+000
 7.08771929824561e-001   -2.83687943262412e+000
 7.22807017543860e-001   -3.54609929078014e+000
 7.64912280701754e-001   -4.43262411347518e+000
 7.78947368421053e-001   -5.76241134751773e+000
 8.07017543859649e-001   -7.71276595744681e+000
 8.21052631578947e-001   -7.97872340425532e+000
 8.35087719298246e-001   -7.00354609929078e+000
 8.56140350877193e-001   -5.67375886524823e+000
 8.70175438596491e-001   -4.87588652482270e+000
 9.12280701754386e-001   -4.69858156028369e+000
 9.40350877192982e-001   -5.58510638297873e+000
 9.61403508771930e-001   -7.09219858156028e+000
 9.82456140350877e-001   -9.30851063829787e+000
 9.96491228070175e-001   -1.22340425531915e+001
 1.01052631578947e+000   -1.61347517730496e+001
 1.03157894736842e+000   -1.92375886524823e+001
 1.05964912280702e+000   -1.75531914893617e+001
 1.08771929824561e+000   -1.39184397163121e+001
 1.10175438596491e+000   -1.09042553191489e+001
 1.12280701754386e+000   -9.39716312056738e+000
 1.13684210526316e+000   -8.15602836879433e+000
 1.15789473684211e+000   -7.71276595744681e+000
 1.18596491228070e+000   -7.71276595744681e+000
 1.19298245614035e+000   -8.59929078014184e+000
 1.21403508771930e+000   -1.04609929078014e+001
 1.22807017543860e+000   -1.56028368794326e+001
 1.26315789473684e+000   -2.20744680851064e+001
 1.28421052631579e+000   -1.25000000000000e+001
 1.29824561403509e+000   -8.59929078014184e+000
 1.31929824561404e+000   -7.09219858156028e+000
 1.34035087719298e+000   -6.73758865248227e+000
 1.35438596491228e+000   -7.35815602836880e+000
 1.37543859649123e+000   -9.30851063829787e+000
 1.40350877192982e+000   -1.21453900709220e+001
 1.41754385964912e+000   -1.09042553191489e+001
 1.43859649122807e+000   -7.44680851063830e+000
 1.45964912280702e+000   -5.49645390070922e+000
 1.47368421052632e+000   -4.16666666666666e+000
 1.50877192982456e+000   -3.63475177304965e+000
 1.53684210526316e+000   -3.36879432624113e+000
 1.56491228070175e+000   -3.81205673758866e+000
 1.57192982456140e+000   -4.78723404255319e+000
 1.60000000000000e+000   -6.38297872340426e+000
 1.62105263157895e+000   -8.15602836879433e+000
 1.64210526315789e+000   -9.84042553191489e+000
 1.64912280701754e+000   -1.01950354609929e+001
 1.67719298245614e+000   -9.57446808510638e+000
 1.69122807017544e+000   -8.06737588652482e+000
 1.71228070175439e+000   -6.82624113475177e+000
 1.73333333333333e+000   -5.76241134751773e+000
 1.78245614035088e+000   -4.69858156028369e+000
 1.81052631578947e+000   -4.34397163120567e+000
 1.85964912280702e+000   -5.85106382978723e+000
 1.87368421052632e+000   -7.80141843971631e+000
 1.90877192982456e+000   -8.77659574468085e+000
 1.90877192982456e+000   -7.80141843971631e+000
 1.92982456140351e+000   -7.44680851063830e+000
 1.95789473684211e+000   -8.24468085106383e+000
 1.97192982456140e+000   -1.30319148936170e+001
 1.99298245614035e+000   -1.86170212765957e+001
 2.01403508771930e+000   -9.75177304964539e+000
 2.03508771929825e+000   -6.29432624113475e+000
 2.05614035087719e+000   -5.23049645390071e+000
 2.07017543859649e+000   -4.34397163120567e+000
 2.11929824561404e+000   -4.07801418439716e+000
 2.14736842105263e+000   -4.25531914893617e+000
 2.16842105263158e+000   -5.23049645390071e+000
 2.18245614035088e+000   -7.18085106382979e+000
 2.19649122807018e+000   -9.30851063829787e+000
 2.21052631578947e+000   -1.37411347517731e+001
 2.22456140350877e+000   -1.90602836879433e+001
