 2.00000000000000e-001   -5.15759312320917e+000
 2.07531380753138e-001   -4.25501432664757e+000
 2.30125523012552e-001   -3.86819484240688e+000
 2.37656903765690e-001   -2.83667621776505e+000
 2.60251046025105e-001   -3.35243553008596e+000
 2.71548117154812e-001   -4.51289398280802e+000
 2.75313807531381e-001   -5.67335243553008e+000
 2.79079497907950e-001   -6.70487106017192e+000
 2.82845188284519e-001   -7.99426934097421e+000
 2.86610878661088e-001   -9.79942693409742e+000
 2.90376569037657e-001   -1.10888252148997e+001
 2.90376569037657e-001   -1.26361031518625e+001
 2.94142259414226e-001   -1.40544412607450e+001
 2.97907949790795e-001   -1.68911174785100e+001
 2.97907949790795e-001   -1.81805157593123e+001
 3.05439330543933e-001   -1.66332378223496e+001
 3.16736401673640e-001   -1.84383954154728e+001
 3.24267782426778e-001   -1.70200573065903e+001
 3.28033472803347e-001   -1.56017191977077e+001
 3.39330543933054e-001   -1.56017191977077e+001
 3.39330543933054e-001   -1.72779369627507e+001
 3.39330543933054e-001   -1.93409742120344e+001
 3.46861924686192e-001   -2.05014326647564e+001
 3.50627615062762e-001   -2.14040114613181e+001
 3.58158995815900e-001   -1.92120343839542e+001
 3.69456066945607e-001   -1.77936962750716e+001
 3.73221757322176e-001   -1.95988538681948e+001
 3.76987447698745e-001   -2.12750716332378e+001
 3.84518828451883e-001   -1.92120343839542e+001
 3.88284518828452e-001   -1.79226361031519e+001
 3.92050209205021e-001   -1.65042979942693e+001
 3.99581589958159e-001   -1.48280802292264e+001
 4.07112970711297e-001   -1.58595988538682e+001
 4.14644351464435e-001   -1.45702005730659e+001
 4.18410041841004e-001   -1.36676217765043e+001
 4.22175732217573e-001   -1.23782234957020e+001
 4.25941422594142e-001   -1.12177650429799e+001
 4.29707112970711e-001   -1.05730659025788e+001
 4.37238493723849e-001   -1.09598853868195e+001
 4.52301255230126e-001   -1.05730659025788e+001
 4.52301255230126e-001   -9.79942693409742e+000
 4.59832635983264e-001   -9.02578796561605e+000
 4.67364016736402e-001   -9.67048710601719e+000
 4.78661087866109e-001   -1.03151862464183e+001
 4.82426778242678e-001   -9.79942693409742e+000
 4.89958158995816e-001   -9.02578796561605e+000
 5.01255230125523e-001   -1.00573065902579e+001
 5.08786610878661e-001   -1.10888252148997e+001
 5.23849372384937e-001   -1.00573065902579e+001
 5.38912133891213e-001   -1.08309455587393e+001
 5.46443514644351e-001   -1.04441260744986e+001
 5.61506276150628e-001   -1.12177650429799e+001
 5.69037656903766e-001   -1.26361031518625e+001
 5.84100418410042e-001   -1.36676217765043e+001
 5.91631799163180e-001   -1.50859598853868e+001
 5.99163179916318e-001   -1.65042979942693e+001
 6.06694560669456e-001   -1.81805157593123e+001
 6.17991631799163e-001   -2.06303724928367e+001
 6.17991631799163e-001   -2.20487106017192e+001
 6.21757322175732e-001   -2.42406876790831e+001
 6.25523012552301e-001   -2.69484240687679e+001
 6.29288702928870e-001   -3.08166189111748e+001
 6.29288702928870e-001   -3.27507163323782e+001
 6.36820083682008e-001   -3.08166189111748e+001
 6.36820083682008e-001   -2.90114613180516e+001
 6.40585774058577e-001   -2.83667621776504e+001
 6.44351464435146e-001   -2.63037249283668e+001
 6.44351464435146e-001   -2.38538681948424e+001
 6.48117154811716e-001   -2.14040114613181e+001
 6.51882845188285e-001   -1.93409742120344e+001
 6.55648535564854e-001   -1.72779369627507e+001
 6.59414225941423e-001   -1.57306590257880e+001
 6.63179916317992e-001   -1.44412607449857e+001
 6.66945606694561e-001   -1.32808022922636e+001
 6.74476987447699e-001   -1.26361031518625e+001
 6.78242677824268e-001   -1.19914040114613e+001
 6.82008368200837e-001   -1.12177650429799e+001
 6.85774058577406e-001   -1.08309455587393e+001
 6.89539748953975e-001   -1.03151862464183e+001
 6.97071129707113e-001   -1.00573065902579e+001
 7.00836820083682e-001   -9.79942693409742e+000
 7.12133891213389e-001   -9.67048710601719e+000
 7.23430962343096e-001   -9.79942693409742e+000
 7.34728033472803e-001   -1.05730659025788e+001
 7.42259414225942e-001   -1.10888252148997e+001
 7.53556485355648e-001   -1.16045845272206e+001
 7.61087866108787e-001   -1.22492836676218e+001
 7.68619246861925e-001   -1.28939828080229e+001
 7.79916317991632e-001   -1.32808022922636e+001
 7.87447698744770e-001   -1.32808022922636e+001
 7.98744769874477e-001   -1.40544412607450e+001
 8.10041841004184e-001   -1.45702005730659e+001
 8.17573221757322e-001   -1.46991404011461e+001
 8.21338912133891e-001   -1.53438395415473e+001
 8.25104602510460e-001   -1.62464183381089e+001
 8.32635983263598e-001   -1.72779369627507e+001
 8.36401673640167e-001   -1.83094555873925e+001
 8.47698744769875e-001   -2.02435530085960e+001
 8.51464435146444e-001   -2.19197707736390e+001
 8.55230125523013e-001   -2.30802292263610e+001
 8.58995815899582e-001   -2.41117478510029e+001
 8.66527196652720e-001   -2.24355300859599e+001
 8.77824267782427e-001   -2.19197707736390e+001
 8.85355648535565e-001   -2.11461318051576e+001
 8.89121338912134e-001   -1.97277936962751e+001
 8.92887029288703e-001   -1.84383954154728e+001
 8.96652719665272e-001   -1.74068767908309e+001
 9.11715481171548e-001   -1.72779369627507e+001
 9.23012552301255e-001   -1.66332378223496e+001
 9.30543933054393e-001   -1.61174785100287e+001
 9.38075313807532e-001   -1.74068767908309e+001
 9.41841004184100e-001   -1.77936962750716e+001
 9.53138075313807e-001   -1.71489971346705e+001
 9.60669456066946e-001   -1.71489971346705e+001
 9.68200836820084e-001   -1.80515759312321e+001
 9.71966527196653e-001   -1.70200573065903e+001
 9.79497907949791e-001   -1.59885386819484e+001
 9.87029288702929e-001   -1.53438395415473e+001
 9.90794979079498e-001   -1.48280802292264e+001
 9.94560669456067e-001   -1.39255014326648e+001
 9.98326359832636e-001   -1.34097421203438e+001
 1.00209205020921e+000   -1.31518624641834e+001
 1.02468619246862e+000   -1.31518624641834e+001
 1.02845188284519e+000   -1.32808022922636e+001
 1.03974895397490e+000   -1.31518624641834e+001
 1.04728033472803e+000   -1.37965616045845e+001
 1.05481171548117e+000   -1.43123209169054e+001
 1.06234309623431e+000   -1.46991404011461e+001
 1.06987447698745e+000   -1.49570200573066e+001
 1.06987447698745e+000   -1.53438395415473e+001
 1.07364016736402e+000   -1.63753581661891e+001
 1.07740585774059e+000   -1.71489971346705e+001
 1.08117154811715e+000   -1.77936962750716e+001
 1.08493723849372e+000   -1.83094555873925e+001
 1.08870292887029e+000   -1.88252148997135e+001
 1.09246861924686e+000   -1.92120343839542e+001
 1.09623430962343e+000   -1.95988538681948e+001
 1.10000000000000e+000   -2.07593123209169e+001
 1.10376569037657e+000   -2.26934097421203e+001
 1.10753138075314e+000   -2.43696275071633e+001
 1.11129707112971e+000   -2.55300859598854e+001
 1.11506276150628e+000   -2.69484240687679e+001
 1.11882845188285e+000   -2.83667621776504e+001
 1.12259414225941e+000   -2.97851002865330e+001
 1.12635983263598e+000   -3.12034383954155e+001
 1.13012552301255e+000   -3.19770773638969e+001
 1.13389121338912e+000   -3.12034383954155e+001
 1.13389121338912e+000   -2.97851002865330e+001
 1.13765690376569e+000   -2.95272206303725e+001
 1.14142259414226e+000   -2.79799426934097e+001
 1.14142259414226e+000   -2.64326647564470e+001
 1.14518828451883e+000   -2.50143266475645e+001
 1.14895397489540e+000   -2.37249283667622e+001
 1.15271966527197e+000   -2.24355300859599e+001
 1.15648535564854e+000   -2.14040114613181e+001
 1.16025104602510e+000   -1.98567335243553e+001
 1.16401673640167e+000   -1.80515759312321e+001
 1.16778242677824e+000   -1.67621776504298e+001
 1.17154811715481e+000   -1.62464183381089e+001
 1.17531380753138e+000   -1.57306590257880e+001
 1.17907949790795e+000   -1.52148997134670e+001
 1.18661087866109e+000   -1.45702005730659e+001
 1.19037656903766e+000   -1.40544412607450e+001
 1.19790794979080e+000   -1.30229226361032e+001
 1.21297071129707e+000   -1.26361031518625e+001
 1.22426778242678e+000   -1.22492836676218e+001
 1.22803347280335e+000   -1.18624641833811e+001
 1.23933054393305e+000   -1.21203438395415e+001
 1.24309623430962e+000   -1.26361031518625e+001
 1.25062761506276e+000   -1.30229226361032e+001
 1.25815899581590e+000   -1.31518624641834e+001
 1.26569037656904e+000   -1.37965616045845e+001
 1.26945606694561e+000   -1.44412607449857e+001
 1.27322175732218e+000   -1.52148997134670e+001
 1.27698744769874e+000   -1.57306590257880e+001
 1.28451882845188e+000   -1.65042979942693e+001
 1.29205020920502e+000   -1.72779369627507e+001
 1.29581589958159e+000   -1.79226361031519e+001
 1.29958158995816e+000   -1.85673352435530e+001
 1.30334728033473e+000   -2.02435530085960e+001
 1.30711297071130e+000   -2.14040114613181e+001
 1.31087866108787e+000   -2.23065902578797e+001
 1.31464435146444e+000   -2.32091690544413e+001
 1.31841004184100e+000   -2.38538681948424e+001
 1.32217573221757e+000   -2.43696275071633e+001
 1.32594142259414e+000   -2.47564469914040e+001
 1.33347280334728e+000   -2.50143266475645e+001
 1.34100418410042e+000   -2.46275071633238e+001
 1.34476987447699e+000   -2.34670487106017e+001
 1.34853556485356e+000   -2.25644699140401e+001
 1.35230125523013e+000   -2.14040114613181e+001
 1.35230125523013e+000   -2.03724928366762e+001
 1.35606694560669e+000   -2.03724928366762e+001
 1.35983263598326e+000   -1.90830945558739e+001
 1.36359832635983e+000   -1.79226361031519e+001
 1.36359832635983e+000   -1.65042979942693e+001
 1.37112970711297e+000   -1.53438395415473e+001
 1.37489539748954e+000   -1.43123209169054e+001
 1.38242677824268e+000   -1.34097421203438e+001
 1.38995815899582e+000   -1.23782234957020e+001
 1.39372384937238e+000   -1.16045845272206e+001
 1.40502092050209e+000   -1.09598853868195e+001
 1.41631799163180e+000   -1.07020057306590e+001
 1.42761506276151e+000   -1.04441260744986e+001
 1.43891213389121e+000   -1.08309455587393e+001
 1.45020920502092e+000   -1.14756446991404e+001
 1.45774058577406e+000   -1.23782234957020e+001
 1.46150627615063e+000   -1.30229226361032e+001
 1.46527196652720e+000   -1.36676217765043e+001
 1.47280334728033e+000   -1.45702005730659e+001
 1.48033472803347e+000   -1.59885386819484e+001
 1.48410041841004e+000   -1.70200573065903e+001
 1.48786610878661e+000   -1.84383954154728e+001
 1.49163179916318e+000   -1.94699140401146e+001
 1.49539748953975e+000   -2.07593123209169e+001
 1.49916317991632e+000   -2.21776504297994e+001
 1.50292887029289e+000   -2.34670487106017e+001
 1.50669456066946e+000   -2.44985673352436e+001
 1.51046025104603e+000   -2.59169054441261e+001
 1.51422594142259e+000   -2.68194842406877e+001
 1.51799163179916e+000   -2.74641833810888e+001
 1.52175732217573e+000   -2.65616045845272e+001
 1.52928870292887e+000   -2.57879656160458e+001
 1.53305439330544e+000   -2.47564469914040e+001
 1.53682008368201e+000   -2.34670487106017e+001
 1.54058577405858e+000   -2.23065902578797e+001
 1.54435146443515e+000   -2.11461318051576e+001
 1.54811715481172e+000   -1.99856733524355e+001
 1.55188284518828e+000   -1.88252148997135e+001
 1.55564853556485e+000   -1.79226361031519e+001
 1.55941422594142e+000   -1.70200573065903e+001
 1.56317991631799e+000   -1.61174785100287e+001
 1.56694560669456e+000   -1.53438395415473e+001
 1.57071129707113e+000   -1.45702005730659e+001
 1.57447698744770e+000   -1.34097421203438e+001
 1.58200836820084e+000   -1.27650429799427e+001
 1.58953974895397e+000   -1.16045845272206e+001
 1.60083682008368e+000   -1.07020057306590e+001
 1.61589958158996e+000   -1.00573065902579e+001
 1.62343096234310e+000   -9.79942693409742e+000
 1.64225941422594e+000   -1.03151862464183e+001
 1.64979079497908e+000   -1.04441260744986e+001
 1.65355648535565e+000   -1.12177650429799e+001
 1.66108786610879e+000   -1.19914040114613e+001
 1.66485355648536e+000   -1.27650429799427e+001
 1.67615062761506e+000   -1.39255014326648e+001
 1.68368200836820e+000   -1.45702005730659e+001
 1.69497907949791e+000   -1.54727793696275e+001
 1.70251046025105e+000   -1.58595988538682e+001
 1.71004184100418e+000   -1.63753581661891e+001
 1.71757322175732e+000   -1.54727793696275e+001
 1.72887029288703e+000   -1.52148997134670e+001
 1.73263598326360e+000   -1.62464183381089e+001
 1.74016736401674e+000   -1.74068767908309e+001
 1.74393305439331e+000   -1.85673352435530e+001
 1.74769874476987e+000   -1.97277936962751e+001
 1.75523012552301e+000   -2.14040114613181e+001
 1.76276150627615e+000   -2.21776504297994e+001
 1.76652719665272e+000   -2.29512893982808e+001
 1.77029288702929e+000   -2.35959885386819e+001
 1.77405857740586e+000   -2.21776504297994e+001
 1.77782426778243e+000   -1.90830945558739e+001
 1.78158995815900e+000   -1.68911174785100e+001
 1.78535564853556e+000   -1.58595988538682e+001
 1.78912133891213e+000   -1.45702005730659e+001
 1.79288702928870e+000   -1.35386819484241e+001
 1.79665271966527e+000   -1.23782234957020e+001
 1.80418410041841e+000   -1.08309455587393e+001
 1.81171548117155e+000   -9.67048710601719e+000
 1.81924686192469e+000   -8.63896848137536e+000
 1.83054393305439e+000   -7.99426934097421e+000
 1.85313807531381e+000   -7.22063037249283e+000
 1.86443514644351e+000   -7.22063037249283e+000
 1.87949790794979e+000   -6.83381088825215e+000
 1.89456066945607e+000   -6.31805157593124e+000
 1.90962343096234e+000   -5.67335243553008e+000
 1.92092050209205e+000   -5.15759312320917e+000
 1.93974895397490e+000   -5.02865329512894e+000
 1.95104602510460e+000   -4.64183381088825e+000
 1.96234309623431e+000   -4.51289398280802e+000
 1.98117154811715e+000   -4.38395415472780e+000
 1.98870292887029e+000   -4.25501432664757e+000
 1.99246861924686e+000   -4.38395415472780e+000
 2.00000000000000e+000   -4.51289398280802e+000
